epoch,0,1,2,3,4,5,6,7,8,9,10,11,12,13,14,15,16,17,18,19,20,22,24,26,28,30,35,40,45,50,60,70,80,90,100,110,120,130,140,150,160,170,180,190,200
0,1.0,0.137094,0.101412,0.104881,0.088365,0.067902,0.064758,0.052613,0.065221,0.052402,0.055482,0.065056,0.07184,0.067763,0.059444,0.070494,0.062326,0.035477,0.05252,0.047575,0.055388,0.056897,0.050064,0.035978,0.062251,0.044675,0.046958,0.048376,0.060974,0.041788,0.043309,0.059701,0.04406,0.058816,0.040684,0.055338,0.04035,0.04385,0.05495,0.051062,0.041298,0.046529,0.043046,0.042045,0.041685
1,0.137094,1.0,0.725433,0.661068,0.62062,0.576067,0.568321,0.510372,0.45023,0.520582,0.50752,0.530702,0.537075,0.504056,0.50528,0.450247,0.51258,0.473973,0.506048,0.466166,0.466704,0.505976,0.457862,0.454084,0.415035,0.423583,0.379607,0.348216,0.416756,0.442342,0.498163,0.469768,0.481446,0.563429,0.361754,0.48397,0.459348,0.439008,0.414753,0.392533,0.351109,0.36111,0.342166,0.349193,0.351857
2,0.101412,0.725433,1.0,0.738737,0.667696,0.656867,0.624952,0.572123,0.51501,0.654062,0.538545,0.578947,0.601318,0.533179,0.590931,0.508453,0.569102,0.528405,0.554432,0.513479,0.490228,0.537553,0.564627,0.500853,0.466379,0.523921,0.484175,0.453494,0.485326,0.503247,0.529712,0.51009,0.539089,0.585514,0.434708,0.54515,0.541052,0.52045,0.484663,0.474198,0.435138,0.429005,0.403366,0.410345,0.414498
3,0.104881,0.661068,0.738737,1.0,0.726045,0.732476,0.660044,0.660096,0.655926,0.639104,0.606479,0.655434,0.674142,0.613183,0.646163,0.607194,0.613318,0.620416,0.636022,0.597202,0.597519,0.622686,0.608171,0.590478,0.572098,0.637313,0.557644,0.531739,0.573804,0.583973,0.58426,0.598653,0.567216,0.646441,0.512259,0.605172,0.600542,0.575653,0.563745,0.535113,0.499651,0.494009,0.474629,0.48214,0.486928
4,0.088365,0.62062,0.667696,0.726045,1.0,0.740705,0.802462,0.756618,0.754527,0.721538,0.592532,0.663035,0.773578,0.673284,0.728823,0.66133,0.701148,0.655452,0.741848,0.59952,0.728391,0.694542,0.682588,0.61672,0.660812,0.587561,0.58702,0.525078,0.598131,0.696205,0.670393,0.638743,0.656927,0.702227,0.60602,0.668396,0.605535,0.624826,0.585007,0.568318,0.527147,0.517209,0.504436,0.514431,0.519936
5,0.067902,0.576067,0.656867,0.732476,0.740705,1.0,0.819571,0.786298,0.792573,0.770595,0.712304,0.768502,0.793912,0.77478,0.764836,0.739196,0.762658,0.763068,0.768401,0.754373,0.710312,0.771828,0.757316,0.724404,0.683291,0.747561,0.664101,0.636952,0.730016,0.722898,0.737328,0.710802,0.711765,0.787402,0.69101,0.743386,0.733619,0.697777,0.689325,0.662955,0.629845,0.610456,0.592048,0.602469,0.605854
6,0.064758,0.568321,0.624952,0.660044,0.802462,0.819571,1.0,0.811221,0.817093,0.787246,0.691797,0.763539,0.818463,0.777835,0.790594,0.73927,0.800481,0.746172,0.793895,0.707971,0.771163,0.781828,0.770977,0.731412,0.711674,0.690079,0.686348,0.633598,0.701698,0.767148,0.742319,0.737105,0.758413,0.792599,0.71706,0.752419,0.714176,0.720299,0.696961,0.678656,0.638915,0.630335,0.61125,0.621848,0.625778
7,0.052613,0.510372,0.572123,0.660096,0.756618,0.786298,0.811221,1.0,0.813415,0.748287,0.650541,0.744568,0.804795,0.759287,0.795367,0.766944,0.780027,0.747375,0.796494,0.719876,0.786022,0.788131,0.755107,0.735469,0.703223,0.714822,0.652779,0.630271,0.703463,0.767552,0.754975,0.714412,0.720372,0.774752,0.695657,0.743446,0.710259,0.689924,0.685115,0.665953,0.618095,0.606368,0.596935,0.605923,0.611587
8,0.065221,0.45023,0.51501,0.655926,0.754527,0.792573,0.817093,0.813415,1.0,0.708375,0.63955,0.756418,0.813087,0.776558,0.795579,0.779972,0.778383,0.788983,0.826812,0.72588,0.798435,0.787614,0.781273,0.761391,0.744449,0.717674,0.694087,0.650559,0.745887,0.792632,0.720628,0.737376,0.716389,0.757487,0.765738,0.756997,0.708265,0.714314,0.698033,0.687496,0.647834,0.638412,0.622002,0.633166,0.63794
9,0.052402,0.520582,0.654062,0.639104,0.721538,0.770595,0.787246,0.748287,0.708375,1.0,0.686078,0.724444,0.770107,0.713447,0.790909,0.715247,0.760915,0.693339,0.753941,0.66905,0.717104,0.729172,0.736862,0.693204,0.705675,0.684754,0.698099,0.642771,0.669722,0.734974,0.759059,0.691729,0.744463,0.733006,0.653868,0.724951,0.708719,0.718584,0.682233,0.66072,0.621336,0.606574,0.584789,0.592656,0.598947
10,0.055482,0.50752,0.538545,0.606479,0.592532,0.712304,0.691797,0.650541,0.63955,0.686078,1.0,0.729299,0.680366,0.702564,0.678327,0.630463,0.673398,0.619407,0.633034,0.650566,0.624968,0.687763,0.66402,0.698135,0.652521,0.652288,0.60649,0.590691,0.621956,0.608517,0.654826,0.677031,0.69667,0.70733,0.575622,0.674263,0.65578,0.639227,0.646831,0.607025,0.582286,0.558609,0.547305,0.554191,0.560919
11,0.065056,0.530702,0.578947,0.655434,0.663035,0.768502,0.763539,0.744568,0.756418,0.724444,0.729299,1.0,0.805492,0.803673,0.814741,0.733808,0.806333,0.79369,0.777463,0.812867,0.708829,0.82892,0.799643,0.776519,0.722873,0.793067,0.740431,0.742846,0.781283,0.727873,0.738951,0.804869,0.789608,0.821272,0.750609,0.819815,0.807447,0.740301,0.750683,0.727113,0.69371,0.665273,0.645734,0.660072,0.662425
12,0.07184,0.537075,0.601318,0.674142,0.773578,0.793912,0.818463,0.804795,0.813087,0.770107,0.680366,0.805492,1.0,0.796154,0.801975,0.780472,0.785777,0.769737,0.827256,0.731777,0.807232,0.802906,0.800931,0.753072,0.750286,0.741729,0.721888,0.673059,0.745822,0.791931,0.774403,0.767862,0.769392,0.815182,0.738161,0.787898,0.747655,0.744383,0.736179,0.717029,0.674184,0.672099,0.645823,0.658389,0.662874
13,0.067763,0.504056,0.533179,0.613183,0.673284,0.77478,0.777835,0.759287,0.776558,0.713447,0.702564,0.803673,0.796154,1.0,0.764921,0.770317,0.746943,0.759818,0.767725,0.80136,0.734598,0.822019,0.754005,0.790578,0.753853,0.765006,0.64513,0.642696,0.782709,0.741413,0.741477,0.804029,0.773734,0.778728,0.709231,0.775854,0.724518,0.674365,0.716109,0.672175,0.631863,0.625046,0.603315,0.620507,0.622318
14,0.059444,0.50528,0.590931,0.646163,0.728823,0.764836,0.790594,0.795367,0.795579,0.790909,0.678327,0.814741,0.801975,0.764921,1.0,0.744996,0.846287,0.80182,0.820905,0.777868,0.770881,0.838804,0.819136,0.777753,0.722044,0.757778,0.723395,0.736402,0.767419,0.785471,0.810188,0.770018,0.797029,0.793822,0.763161,0.809914,0.805115,0.76415,0.765971,0.73045,0.690218,0.670314,0.651872,0.663447,0.667975
15,0.070494,0.450247,0.508453,0.607194,0.66133,0.739196,0.73927,0.766944,0.779972,0.715247,0.630463,0.733808,0.780472,0.770317,0.744996,1.0,0.734372,0.735081,0.773847,0.703264,0.752886,0.753454,0.740732,0.760821,0.736312,0.673873,0.654315,0.618385,0.723019,0.76266,0.715947,0.726334,0.716939,0.74139,0.694232,0.724263,0.68408,0.673091,0.686464,0.681887,0.62981,0.612345,0.599869,0.609436,0.612585
16,0.062326,0.51258,0.569102,0.613318,0.701148,0.762658,0.800481,0.780027,0.778383,0.760915,0.673398,0.806333,0.785777,0.746943,0.846287,0.734372,1.0,0.784731,0.803877,0.742232,0.765085,0.817985,0.812399,0.759259,0.683944,0.730804,0.726841,0.735647,0.745713,0.782589,0.791172,0.767106,0.802132,0.807912,0.775619,0.812759,0.792994,0.780079,0.774584,0.748671,0.719274,0.687924,0.668468,0.676402,0.68008
17,0.035477,0.473973,0.528405,0.620416,0.655452,0.763068,0.746172,0.747375,0.788983,0.693339,0.619407,0.79369,0.769737,0.759818,0.80182,0.735081,0.784731,1.0,0.793353,0.795467,0.694861,0.803612,0.754294,0.78247,0.683006,0.763533,0.723547,0.720108,0.782388,0.730646,0.716587,0.754491,0.732788,0.776729,0.753459,0.771999,0.782341,0.734034,0.720853,0.699982,0.666602,0.640506,0.621749,0.635968,0.637011
18,0.05252,0.506048,0.554432,0.636022,0.741848,0.768401,0.793895,0.796494,0.826812,0.753941,0.633034,0.777463,0.827256,0.767725,0.820905,0.773847,0.803877,0.793353,1.0,0.748388,0.828133,0.807365,0.801142,0.752523,0.758754,0.727308,0.726101,0.691885,0.769529,0.830539,0.805688,0.758218,0.767686,0.804727,0.773139,0.802088,0.76058,0.777508,0.734206,0.740513,0.695416,0.6797,0.666063,0.677913,0.682279
19,0.047575,0.466166,0.513479,0.597202,0.59952,0.754373,0.707971,0.719876,0.72588,0.66905,0.650566,0.812867,0.731777,0.80136,0.777868,0.703264,0.742232,0.795467,0.748388,1.0,0.670024,0.816381,0.753528,0.762967,0.689861,0.777418,0.672084,0.685152,0.787361,0.697964,0.724046,0.770247,0.750794,0.775883,0.750943,0.776861,0.766455,0.691025,0.720325,0.68023,0.656751,0.635177,0.615032,0.632853,0.635627
20,0.055388,0.466704,0.490228,0.597519,0.728391,0.710312,0.771163,0.786022,0.798435,0.717104,0.624968,0.708829,0.807232,0.734598,0.770881,0.752886,0.765085,0.694861,0.828133,0.670024,1.0,0.774115,0.765277,0.719046,0.727075,0.676304,0.656662,0.643942,0.681004,0.81742,0.782767,0.746785,0.752418,0.765927,0.713424,0.755134,0.691663,0.738582,0.714058,0.70841,0.666161,0.655728,0.641026,0.650282,0.656557
22,0.056897,0.505976,0.537553,0.622686,0.694542,0.771828,0.781828,0.788131,0.787614,0.729172,0.687763,0.82892,0.802906,0.822019,0.838804,0.753454,0.817985,0.803612,0.807365,0.816381,0.774115,1.0,0.809448,0.801413,0.732505,0.793591,0.696624,0.706792,0.802266,0.772517,0.791197,0.829577,0.809985,0.833872,0.772714,0.820985,0.797977,0.7439,0.759122,0.731903,0.690504,0.668329,0.650391,0.666983,0.669445
24,0.050064,0.457862,0.564627,0.608171,0.682588,0.757316,0.770977,0.755107,0.781273,0.736862,0.66402,0.799643,0.800931,0.754005,0.819136,0.740732,0.812399,0.754294,0.801142,0.753528,0.765277,0.809448,1.0,0.765843,0.733939,0.753991,0.703829,0.696387,0.749339,0.783993,0.773957,0.770253,0.782391,0.795021,0.781614,0.817085,0.787666,0.766859,0.762603,0.737544,0.709458,0.689142,0.668584,0.680679,0.683956
26,0.035978,0.454084,0.500853,0.590478,0.61672,0.724404,0.731412,0.735469,0.761391,0.693204,0.698135,0.776519,0.753072,0.790578,0.777753,0.760821,0.759259,0.78247,0.752523,0.762967,0.719046,0.801413,0.765843,1.0,0.708071,0.738826,0.667064,0.700949,0.74972,0.715671,0.751823,0.782283,0.798069,0.757506,0.699877,0.76041,0.765929,0.713633,0.734329,0.693581,0.654078,0.633097,0.618757,0.631161,0.634737
28,0.062251,0.415035,0.466379,0.572098,0.660812,0.683291,0.711674,0.703223,0.744449,0.705675,0.652521,0.722873,0.750286,0.753853,0.722044,0.736312,0.683944,0.683006,0.758754,0.689861,0.727075,0.732505,0.733939,0.708071,1.0,0.661283,0.656584,0.606051,0.71013,0.737831,0.708871,0.742302,0.729083,0.720264,0.696475,0.723546,0.666009,0.673915,0.674446,0.656199,0.614649,0.60218,0.586373,0.602553,0.607366
30,0.044675,0.423583,0.523921,0.637313,0.587561,0.747561,0.690079,0.714822,0.717674,0.684754,0.652288,0.793067,0.741729,0.765006,0.757778,0.673873,0.730804,0.763533,0.727308,0.777418,0.676304,0.793591,0.753991,0.738826,0.661283,1.0,0.708962,0.730909,0.772734,0.709487,0.713195,0.773808,0.71278,0.751476,0.718366,0.766957,0.783623,0.707342,0.728247,0.691604,0.666935,0.645644,0.620058,0.636191,0.637736
35,0.046958,0.379607,0.484175,0.557644,0.58702,0.664101,0.686348,0.652779,0.694087,0.698099,0.60649,0.740431,0.721888,0.64513,0.723395,0.654315,0.726841,0.723547,0.726101,0.672084,0.656662,0.696624,0.703829,0.667064,0.656584,0.708962,1.0,0.742244,0.724779,0.709457,0.649264,0.714074,0.701301,0.752636,0.731649,0.755851,0.755318,0.754472,0.735858,0.740798,0.712525,0.685057,0.663482,0.668403,0.671364
40,0.048376,0.348216,0.453494,0.531739,0.525078,0.636952,0.633598,0.630271,0.650559,0.642771,0.590691,0.742846,0.673059,0.642696,0.736402,0.618385,0.735647,0.720108,0.691885,0.685152,0.643942,0.706792,0.696387,0.700949,0.606051,0.730909,0.742244,1.0,0.721087,0.674354,0.678308,0.741312,0.719862,0.705688,0.705916,0.732915,0.773228,0.745854,0.738046,0.738621,0.71253,0.673048,0.650678,0.660122,0.661779
45,0.060974,0.416756,0.485326,0.573804,0.598131,0.730016,0.701698,0.703463,0.745887,0.669722,0.621956,0.781283,0.745822,0.782709,0.767419,0.723019,0.745713,0.782388,0.769529,0.787361,0.681004,0.802266,0.749339,0.74972,0.71013,0.772734,0.724779,0.721087,1.0,0.737652,0.728517,0.782203,0.75301,0.786242,0.76431,0.788342,0.78015,0.729512,0.754029,0.744382,0.714046,0.691162,0.667184,0.6812,0.6824
50,0.041788,0.442342,0.503247,0.583973,0.696205,0.722898,0.767148,0.767552,0.792632,0.734974,0.608517,0.727873,0.791931,0.741413,0.785471,0.76266,0.782589,0.730646,0.830539,0.697964,0.81742,0.772517,0.783993,0.715671,0.737831,0.709487,0.709457,0.674354,0.737652,1.0,0.791662,0.76252,0.756633,0.792626,0.774253,0.796467,0.728652,0.763758,0.746598,0.74371,0.698825,0.694117,0.681354,0.689425,0.695903
60,0.043309,0.498163,0.529712,0.58426,0.670393,0.737328,0.742319,0.754975,0.720628,0.759059,0.654826,0.738951,0.774403,0.741477,0.810188,0.715947,0.791172,0.716587,0.805688,0.724046,0.782767,0.791197,0.773957,0.751823,0.708871,0.713195,0.649264,0.678308,0.728517,0.791662,1.0,0.739211,0.793177,0.780024,0.707795,0.788987,0.75432,0.758821,0.750954,0.706009,0.674432,0.661978,0.647143,0.658376,0.663847
70,0.059701,0.469768,0.51009,0.598653,0.638743,0.710802,0.737105,0.714412,0.737376,0.691729,0.677031,0.804869,0.767862,0.804029,0.770018,0.726334,0.767106,0.754491,0.758218,0.770247,0.746785,0.829577,0.770253,0.782283,0.742302,0.773808,0.714074,0.741312,0.782203,0.76252,0.739211,1.0,0.828178,0.799152,0.76037,0.82346,0.79234,0.761226,0.789591,0.765357,0.73253,0.708571,0.684007,0.69777,0.700216
80,0.04406,0.481446,0.539089,0.567216,0.656927,0.711765,0.758413,0.720372,0.716389,0.744463,0.69667,0.789608,0.769392,0.773734,0.797029,0.716939,0.802132,0.732788,0.767686,0.750794,0.752418,0.809985,0.782391,0.798069,0.729083,0.71278,0.701301,0.719862,0.75301,0.756633,0.793177,0.828178,1.0,0.793921,0.743237,0.815399,0.796253,0.776916,0.780705,0.759894,0.732827,0.696694,0.673364,0.686556,0.691575
90,0.058816,0.563429,0.585514,0.646441,0.702227,0.787402,0.792599,0.774752,0.757487,0.733006,0.70733,0.821272,0.815182,0.778728,0.793822,0.74139,0.807912,0.776729,0.804727,0.775883,0.765927,0.833872,0.795021,0.757506,0.720264,0.751476,0.752636,0.705688,0.786242,0.792626,0.780024,0.799152,0.793921,1.0,0.7791,0.844677,0.810292,0.812799,0.802335,0.782978,0.758402,0.736803,0.722456,0.734082,0.737395
100,0.040684,0.361754,0.434708,0.512259,0.60602,0.69101,0.71706,0.695657,0.765738,0.653868,0.575622,0.750609,0.738161,0.709231,0.763161,0.694232,0.775619,0.753459,0.773139,0.750943,0.713424,0.772714,0.781614,0.699877,0.696475,0.718366,0.731649,0.705916,0.76431,0.774253,0.707795,0.76037,0.743237,0.7791,1.0,0.811259,0.770935,0.780885,0.78296,0.787324,0.762975,0.738748,0.717924,0.726937,0.728324
110,0.055338,0.48397,0.54515,0.605172,0.668396,0.743386,0.752419,0.743446,0.756997,0.724951,0.674263,0.819815,0.787898,0.775854,0.809914,0.724263,0.812759,0.771999,0.802088,0.776861,0.755134,0.820985,0.817085,0.76041,0.723546,0.766957,0.755851,0.732915,0.788342,0.796467,0.788987,0.82346,0.815399,0.844677,0.811259,1.0,0.846651,0.83128,0.831963,0.820105,0.786843,0.762797,0.752558,0.763259,0.766173
120,0.04035,0.459348,0.541052,0.600542,0.605535,0.733619,0.714176,0.710259,0.708265,0.708719,0.65578,0.807447,0.747655,0.724518,0.805115,0.68408,0.792994,0.782341,0.76058,0.766455,0.691663,0.797977,0.787666,0.765929,0.666009,0.783623,0.755318,0.773228,0.78015,0.728652,0.75432,0.79234,0.796253,0.810292,0.770935,0.846651,1.0,0.828972,0.825562,0.821276,0.800679,0.762982,0.7534,0.763018,0.764028
130,0.04385,0.439008,0.52045,0.575653,0.624826,0.697777,0.720299,0.689924,0.714314,0.718584,0.639227,0.740301,0.744383,0.674365,0.76415,0.673091,0.780079,0.734034,0.777508,0.691025,0.738582,0.7439,0.766859,0.713633,0.673915,0.707342,0.754472,0.745854,0.729512,0.763758,0.758821,0.761226,0.776916,0.812799,0.780885,0.83128,0.828972,1.0,0.837833,0.849509,0.834866,0.819199,0.798384,0.806261,0.808664
140,0.05495,0.414753,0.484663,0.563745,0.585007,0.689325,0.696961,0.685115,0.698033,0.682233,0.646831,0.750683,0.736179,0.716109,0.765971,0.686464,0.774584,0.720853,0.734206,0.720325,0.714058,0.759122,0.762603,0.734329,0.674446,0.728247,0.735858,0.738046,0.754029,0.746598,0.750954,0.789591,0.780705,0.802335,0.78296,0.831963,0.825562,0.837833,1.0,0.859564,0.851306,0.836671,0.822057,0.827762,0.829532
150,0.051062,0.392533,0.474198,0.535113,0.568318,0.662955,0.678656,0.665953,0.687496,0.66072,0.607025,0.727113,0.717029,0.672175,0.73045,0.681887,0.748671,0.699982,0.740513,0.68023,0.70841,0.731903,0.737544,0.693581,0.656199,0.691604,0.740798,0.738621,0.744382,0.74371,0.706009,0.765357,0.759894,0.782978,0.787324,0.820105,0.821276,0.849509,0.859564,1.0,0.889299,0.869233,0.863156,0.865665,0.867229
160,0.041298,0.351109,0.435138,0.499651,0.527147,0.629845,0.638915,0.618095,0.647834,0.621336,0.582286,0.69371,0.674184,0.631863,0.690218,0.62981,0.719274,0.666602,0.695416,0.656751,0.666161,0.690504,0.709458,0.654078,0.614649,0.666935,0.712525,0.71253,0.714046,0.698825,0.674432,0.73253,0.732827,0.758402,0.762975,0.786843,0.800679,0.834866,0.851306,0.889299,1.0,0.894383,0.897694,0.90204,0.902426
170,0.046529,0.36111,0.429005,0.494009,0.517209,0.610456,0.630335,0.606368,0.638412,0.606574,0.558609,0.665273,0.672099,0.625046,0.670314,0.612345,0.687924,0.640506,0.6797,0.635177,0.655728,0.668329,0.689142,0.633097,0.60218,0.645644,0.685057,0.673048,0.691162,0.694117,0.661978,0.708571,0.696694,0.736803,0.738748,0.762797,0.762982,0.819199,0.836671,0.869233,0.894383,1.0,0.932219,0.935205,0.93429
180,0.043046,0.342166,0.403366,0.474629,0.504436,0.592048,0.61125,0.596935,0.622002,0.584789,0.547305,0.645734,0.645823,0.603315,0.651872,0.599869,0.668468,0.621749,0.666063,0.615032,0.641026,0.650391,0.668584,0.618757,0.586373,0.620058,0.663482,0.650678,0.667184,0.681354,0.647143,0.684007,0.673364,0.722456,0.717924,0.752558,0.7534,0.798384,0.822057,0.863156,0.897694,0.932219,1.0,0.984642,0.985074
190,0.042045,0.349193,0.410345,0.48214,0.514431,0.602469,0.621848,0.605923,0.633166,0.592656,0.554191,0.660072,0.658389,0.620507,0.663447,0.609436,0.676402,0.635968,0.677913,0.632853,0.650282,0.666983,0.680679,0.631161,0.602553,0.636191,0.668403,0.660122,0.6812,0.689425,0.658376,0.69777,0.686556,0.734082,0.726937,0.763259,0.763018,0.806261,0.827762,0.865665,0.90204,0.935205,0.984642,1.0,0.99846
200,0.041685,0.351857,0.414498,0.486928,0.519936,0.605854,0.625778,0.611587,0.63794,0.598947,0.560919,0.662425,0.662874,0.622318,0.667975,0.612585,0.68008,0.637011,0.682279,0.635627,0.656557,0.669445,0.683956,0.634737,0.607366,0.637736,0.671364,0.661779,0.6824,0.695903,0.663847,0.700216,0.691575,0.737395,0.728324,0.766173,0.764028,0.808664,0.829532,0.867229,0.902426,0.93429,0.985074,0.99846,1.0
