epoch,0,1,2,3,4,5,6,7,8,9,10,11,12,13,14,15,16,17,18,19,20,22,24,26,28,30,35,40,45,50,60,70,80,90,100,110,120,130,140,150,160,170,180,190,200
0,1.0,0.162667,0.176257,0.15288,0.135973,0.131438,0.123362,0.138314,0.096636,0.110686,0.072447,0.120346,0.087058,0.126774,0.097922,0.09455,0.105056,0.087066,0.090522,0.106464,0.099216,0.076058,0.081201,0.085179,0.083219,0.063588,0.066839,0.084177,0.093049,0.093135,0.079661,0.087682,0.075818,0.078309,0.084109,0.086335,0.086005,0.078354,0.085902,0.072798,0.068826,0.067112,0.065068,0.066392,0.066138
1,0.162667,1.0,0.64203,0.552163,0.596391,0.544261,0.506067,0.498768,0.424584,0.452725,0.359779,0.4568,0.425564,0.473563,0.451983,0.427241,0.470123,0.410395,0.407431,0.416888,0.440609,0.421683,0.410455,0.40873,0.399394,0.331965,0.377955,0.375295,0.401569,0.383969,0.398844,0.371518,0.369824,0.369531,0.367006,0.396533,0.362402,0.329943,0.343472,0.334945,0.310697,0.30784,0.309558,0.310769,0.312404
2,0.176257,0.64203,1.0,0.798374,0.74487,0.761358,0.704716,0.715997,0.61304,0.652449,0.569234,0.64901,0.643879,0.657768,0.6484,0.631404,0.637007,0.599695,0.609183,0.607064,0.614285,0.607179,0.613871,0.607579,0.586194,0.509752,0.553232,0.568286,0.616016,0.574238,0.561364,0.553213,0.567359,0.538433,0.54713,0.56445,0.522228,0.481933,0.510359,0.475477,0.460043,0.460414,0.463294,0.465765,0.467335
3,0.15288,0.552163,0.798374,1.0,0.760821,0.801798,0.770749,0.800772,0.676461,0.737563,0.708717,0.717477,0.712711,0.674916,0.685688,0.722872,0.666946,0.706451,0.674455,0.654709,0.644382,0.671476,0.690645,0.656278,0.635436,0.648902,0.576065,0.631909,0.67979,0.653623,0.607866,0.603696,0.620293,0.592296,0.621394,0.599879,0.567533,0.52414,0.549934,0.499614,0.495923,0.503281,0.5103,0.509844,0.514278
4,0.135973,0.596391,0.74487,0.760821,1.0,0.839934,0.819185,0.779294,0.737677,0.757475,0.670657,0.760472,0.755073,0.712146,0.706071,0.693455,0.736597,0.709509,0.711356,0.703413,0.705783,0.717353,0.699617,0.697833,0.709291,0.6313,0.693282,0.656477,0.699227,0.660927,0.678182,0.671044,0.654293,0.655013,0.647676,0.682991,0.629834,0.595267,0.607145,0.587804,0.568951,0.561679,0.568084,0.570591,0.571599
5,0.131438,0.544261,0.761358,0.801798,0.839934,1.0,0.879885,0.880601,0.812893,0.840533,0.752526,0.837132,0.799465,0.794137,0.798364,0.810902,0.802829,0.77731,0.791473,0.782162,0.802643,0.784478,0.797592,0.77633,0.773726,0.696333,0.732248,0.725211,0.777728,0.750203,0.758465,0.73542,0.744141,0.727084,0.723635,0.738839,0.698978,0.651948,0.670654,0.630048,0.621543,0.623143,0.631191,0.631392,0.6348
6,0.123362,0.506067,0.704716,0.770749,0.819185,0.879885,1.0,0.874374,0.819204,0.858494,0.779996,0.841422,0.838219,0.82119,0.804361,0.764779,0.811933,0.827743,0.812557,0.814182,0.812719,0.786106,0.798782,0.79716,0.801003,0.730201,0.745304,0.772933,0.799926,0.746153,0.781421,0.762486,0.777678,0.775985,0.758726,0.751953,0.714429,0.68104,0.683438,0.659139,0.647231,0.649024,0.656835,0.659227,0.662498
7,0.138314,0.498768,0.715997,0.800772,0.779294,0.880601,0.874374,1.0,0.837506,0.881684,0.840191,0.874633,0.828774,0.827002,0.832843,0.860821,0.809433,0.814743,0.805008,0.788503,0.813792,0.826222,0.829896,0.788745,0.778882,0.76436,0.741941,0.751281,0.816317,0.802944,0.768987,0.776902,0.777577,0.761785,0.76542,0.762992,0.723362,0.680017,0.70968,0.658071,0.65054,0.65774,0.668541,0.666397,0.671995
8,0.096636,0.424584,0.61304,0.676461,0.737677,0.812893,0.819204,0.837506,1.0,0.848019,0.748652,0.808471,0.785214,0.779053,0.813492,0.792017,0.796753,0.771841,0.798053,0.781292,0.807,0.818642,0.786441,0.782177,0.783531,0.689973,0.761381,0.758047,0.758871,0.726994,0.754786,0.747623,0.783033,0.748613,0.757549,0.760512,0.707553,0.681457,0.699754,0.673065,0.663558,0.662464,0.670378,0.674345,0.674509
9,0.110686,0.452725,0.652449,0.737563,0.757475,0.840533,0.858494,0.881684,0.848019,1.0,0.810367,0.860898,0.828112,0.836075,0.839497,0.833021,0.831033,0.848032,0.84008,0.816913,0.82879,0.833314,0.832714,0.820987,0.821814,0.759948,0.764752,0.787727,0.82362,0.793305,0.794779,0.789199,0.814732,0.798897,0.80334,0.77743,0.747929,0.729199,0.726072,0.691055,0.685623,0.690474,0.698774,0.699657,0.702953
10,0.072447,0.359779,0.569234,0.708717,0.670657,0.752526,0.779996,0.840191,0.748652,0.810367,1.0,0.792174,0.799667,0.72699,0.732047,0.812604,0.724201,0.823926,0.763078,0.729317,0.717712,0.77917,0.763382,0.716677,0.733686,0.815977,0.702834,0.699192,0.780177,0.755774,0.742343,0.738984,0.708273,0.734994,0.742679,0.691004,0.675898,0.634119,0.661511,0.600368,0.616353,0.617365,0.635659,0.628023,0.636162
11,0.120346,0.4568,0.64901,0.717477,0.760472,0.837132,0.841422,0.874633,0.808471,0.860898,0.792174,1.0,0.821267,0.828173,0.81847,0.842628,0.816289,0.812685,0.804053,0.83286,0.810879,0.828271,0.841651,0.816583,0.810162,0.788932,0.78702,0.709691,0.816818,0.828188,0.79192,0.804981,0.772268,0.759363,0.773054,0.775913,0.751747,0.714645,0.735829,0.685332,0.679372,0.689349,0.696728,0.697411,0.701194
12,0.087058,0.425564,0.643879,0.712711,0.755073,0.799465,0.838219,0.828774,0.785214,0.828112,0.799667,0.821267,1.0,0.767955,0.784425,0.783197,0.791355,0.845103,0.82659,0.828757,0.795378,0.796837,0.794025,0.807019,0.822044,0.772898,0.789669,0.765159,0.838659,0.786835,0.78535,0.807369,0.769004,0.785589,0.766131,0.793033,0.763902,0.717888,0.734191,0.698552,0.701553,0.6944,0.705541,0.706022,0.709127
13,0.126774,0.473563,0.657768,0.674916,0.712146,0.794137,0.82119,0.827002,0.779053,0.836075,0.72699,0.828173,0.767955,1.0,0.859966,0.785327,0.829289,0.787191,0.780771,0.818482,0.835431,0.783502,0.76971,0.783754,0.802614,0.699141,0.757425,0.73508,0.788052,0.738235,0.793641,0.782518,0.783508,0.764646,0.751935,0.756961,0.754773,0.709553,0.711907,0.670953,0.671282,0.671187,0.677133,0.679081,0.683054
14,0.097922,0.451983,0.6484,0.685688,0.706071,0.798364,0.804361,0.832843,0.813492,0.839497,0.732047,0.81847,0.784425,0.859966,1.0,0.809236,0.818916,0.776867,0.794312,0.786004,0.834973,0.818421,0.783473,0.782415,0.811687,0.709095,0.777895,0.774629,0.772711,0.759206,0.767634,0.772935,0.799767,0.769575,0.763408,0.769069,0.743609,0.716235,0.720492,0.683507,0.678231,0.682967,0.689934,0.689906,0.694333
15,0.09455,0.427241,0.631404,0.722872,0.693455,0.810902,0.764779,0.860821,0.792017,0.833021,0.812604,0.842628,0.783197,0.785327,0.809236,1.0,0.787075,0.776417,0.773193,0.776416,0.76078,0.835974,0.830181,0.777345,0.74775,0.806572,0.740553,0.68454,0.793675,0.817343,0.747611,0.773223,0.735017,0.721483,0.773031,0.759589,0.73189,0.686333,0.729335,0.668965,0.664492,0.671489,0.682086,0.678118,0.683205
16,0.105056,0.470123,0.637007,0.666946,0.736597,0.802829,0.811933,0.809433,0.796753,0.831033,0.724201,0.816289,0.791355,0.829289,0.818916,0.787075,1.0,0.787701,0.810621,0.795713,0.819685,0.798845,0.790512,0.804655,0.808611,0.710066,0.800395,0.764603,0.806913,0.758733,0.823175,0.80099,0.802952,0.806306,0.783926,0.811133,0.78866,0.746603,0.74417,0.72215,0.712943,0.706197,0.71546,0.717032,0.719106
17,0.087066,0.410395,0.599695,0.706451,0.709509,0.77731,0.827743,0.814743,0.771841,0.848032,0.823926,0.812685,0.845103,0.787191,0.776867,0.776417,0.787701,1.0,0.850788,0.816148,0.789416,0.801124,0.806956,0.835604,0.82511,0.792558,0.758329,0.806747,0.825246,0.782967,0.811731,0.782538,0.805139,0.804311,0.813577,0.770669,0.744622,0.737468,0.72718,0.692707,0.697276,0.697648,0.71009,0.710723,0.715019
18,0.090522,0.407431,0.609183,0.674455,0.711356,0.791473,0.812557,0.805008,0.798053,0.84008,0.763078,0.804053,0.82659,0.780771,0.794312,0.773193,0.810621,0.850788,1.0,0.820389,0.821244,0.809919,0.798179,0.841366,0.843931,0.743643,0.792686,0.816862,0.820225,0.782248,0.813587,0.80228,0.823295,0.820672,0.80643,0.801899,0.762014,0.747629,0.745671,0.721483,0.720619,0.719285,0.728069,0.730242,0.732413
19,0.106464,0.416888,0.607064,0.654709,0.703413,0.782162,0.814182,0.788503,0.781292,0.816913,0.729317,0.83286,0.828757,0.818482,0.786004,0.776416,0.795713,0.816148,0.820389,1.0,0.8133,0.794184,0.815503,0.82482,0.829824,0.753359,0.772059,0.735432,0.815844,0.785142,0.810156,0.821098,0.781249,0.782742,0.780547,0.788816,0.784734,0.747195,0.754176,0.728968,0.723261,0.723736,0.726875,0.730716,0.732594
20,0.099216,0.440609,0.614285,0.644382,0.705783,0.802643,0.812719,0.813792,0.807,0.82879,0.717712,0.810879,0.795378,0.835431,0.834973,0.76078,0.819685,0.789416,0.821244,0.8133,1.0,0.78966,0.770071,0.790392,0.838374,0.670297,0.812748,0.798734,0.799953,0.741343,0.813088,0.797626,0.835588,0.823848,0.762735,0.784837,0.760699,0.741768,0.724261,0.699541,0.698318,0.692677,0.701355,0.702353,0.705551
22,0.076058,0.421683,0.607179,0.671476,0.717353,0.784478,0.786106,0.826222,0.818642,0.833314,0.77917,0.828271,0.796837,0.783502,0.818421,0.835974,0.798845,0.801124,0.809919,0.794184,0.78966,1.0,0.840714,0.800758,0.819835,0.777947,0.812683,0.745075,0.813148,0.810481,0.784239,0.79969,0.791872,0.776264,0.809255,0.803897,0.75155,0.726758,0.752074,0.716044,0.708739,0.707317,0.716628,0.716099,0.718521
24,0.081201,0.410455,0.613871,0.690645,0.699617,0.797592,0.798782,0.829896,0.786441,0.832714,0.763382,0.841651,0.794025,0.76971,0.783473,0.830181,0.790512,0.806956,0.798179,0.815503,0.770071,0.840714,1.0,0.823052,0.802245,0.776979,0.766169,0.747433,0.818211,0.823389,0.775326,0.803317,0.789845,0.78063,0.80746,0.792736,0.746687,0.723839,0.749196,0.710225,0.695691,0.710152,0.716508,0.717966,0.721484
26,0.085179,0.40873,0.607579,0.656278,0.697833,0.77633,0.79716,0.788745,0.782177,0.820987,0.716677,0.816583,0.807019,0.783754,0.782415,0.777345,0.804655,0.835604,0.841366,0.82482,0.790392,0.800758,0.823052,1.0,0.825387,0.745637,0.771592,0.773489,0.814749,0.805813,0.794348,0.795963,0.806546,0.789134,0.807423,0.803989,0.764675,0.754292,0.751755,0.73421,0.717538,0.72753,0.732682,0.737908,0.738497
28,0.083219,0.399394,0.586194,0.635436,0.709291,0.773726,0.801003,0.778882,0.783531,0.821814,0.733686,0.810162,0.822044,0.802614,0.811687,0.74775,0.808611,0.82511,0.843931,0.829824,0.838374,0.819835,0.802245,0.825387,1.0,0.743866,0.827192,0.79369,0.833485,0.774994,0.817329,0.817904,0.82847,0.829554,0.804472,0.813117,0.785558,0.77296,0.765828,0.736486,0.737249,0.733698,0.742044,0.745852,0.747438
30,0.063588,0.331965,0.509752,0.648902,0.6313,0.696333,0.730201,0.76436,0.689973,0.759948,0.815977,0.788932,0.772898,0.699141,0.709095,0.806572,0.710066,0.792558,0.743643,0.753359,0.670297,0.777947,0.776979,0.745637,0.743866,1.0,0.722651,0.651232,0.794643,0.796567,0.737781,0.774338,0.696813,0.714132,0.763232,0.722892,0.717754,0.674895,0.711262,0.648881,0.656723,0.6589,0.671141,0.667367,0.673001
35,0.066839,0.377955,0.553232,0.576065,0.693282,0.732248,0.745304,0.741941,0.761381,0.764752,0.702834,0.78702,0.789669,0.757425,0.777895,0.740553,0.800395,0.758329,0.792686,0.772059,0.812748,0.812683,0.766169,0.771592,0.827192,0.722651,1.0,0.736606,0.817274,0.76648,0.807622,0.812975,0.795742,0.791426,0.787249,0.82109,0.783813,0.762374,0.756263,0.736309,0.735861,0.727116,0.733916,0.736063,0.73572
40,0.084177,0.375295,0.568286,0.631909,0.656477,0.725211,0.772933,0.751281,0.758047,0.787727,0.699192,0.709691,0.765159,0.73508,0.774629,0.68454,0.764603,0.806747,0.816862,0.735432,0.798734,0.745075,0.747433,0.773489,0.79369,0.651232,0.736606,1.0,0.752108,0.699657,0.768178,0.74188,0.828749,0.822632,0.770043,0.76602,0.711531,0.729596,0.706848,0.702367,0.691047,0.68651,0.696929,0.697718,0.70125
45,0.093049,0.401569,0.616016,0.67979,0.699227,0.777728,0.799926,0.816317,0.758871,0.82362,0.780177,0.816818,0.838659,0.788052,0.772711,0.793675,0.806913,0.825246,0.820225,0.815844,0.799953,0.813148,0.818211,0.814749,0.833485,0.794643,0.817274,0.752108,1.0,0.814143,0.815828,0.834162,0.820506,0.814516,0.8253,0.831915,0.807889,0.774828,0.786254,0.742462,0.744436,0.746679,0.753054,0.755044,0.756986
50,0.093135,0.383969,0.574238,0.653623,0.660927,0.750203,0.746153,0.802944,0.726994,0.793305,0.755774,0.828188,0.786835,0.738235,0.759206,0.817343,0.758733,0.782967,0.782248,0.785142,0.741343,0.810481,0.823389,0.805813,0.774994,0.796567,0.76648,0.699657,0.814143,1.0,0.766625,0.80998,0.764195,0.764521,0.794803,0.799444,0.771698,0.748969,0.772312,0.732203,0.719775,0.73342,0.741881,0.740301,0.744575
60,0.079661,0.398844,0.561364,0.607866,0.678182,0.758465,0.781421,0.768987,0.754786,0.794779,0.742343,0.79192,0.78535,0.793641,0.767634,0.747611,0.823175,0.811731,0.813587,0.810156,0.813088,0.784239,0.775326,0.794348,0.817329,0.737781,0.807622,0.768178,0.815828,0.766625,1.0,0.832012,0.817028,0.835955,0.816634,0.81877,0.8139,0.796582,0.777316,0.763048,0.764603,0.754987,0.765211,0.763998,0.767005
70,0.087682,0.371518,0.553213,0.603696,0.671044,0.73542,0.762486,0.776902,0.747623,0.789199,0.738984,0.804981,0.807369,0.782518,0.772935,0.773223,0.80099,0.782538,0.80228,0.821098,0.797626,0.79969,0.803317,0.795963,0.817904,0.774338,0.812975,0.74188,0.834162,0.80998,0.832012,1.0,0.793464,0.825335,0.814811,0.840279,0.83918,0.791279,0.811145,0.782527,0.781677,0.77482,0.783051,0.783452,0.786577
80,0.075818,0.369824,0.567359,0.620293,0.654293,0.744141,0.777678,0.777577,0.783033,0.814732,0.708273,0.772268,0.769004,0.783508,0.799767,0.735017,0.802952,0.805139,0.823295,0.781249,0.835588,0.791872,0.789845,0.806546,0.82847,0.696813,0.795742,0.828749,0.820506,0.764195,0.817028,0.793464,1.0,0.851132,0.831453,0.82499,0.780666,0.802371,0.776803,0.770303,0.760782,0.762659,0.769714,0.774261,0.774901
90,0.078309,0.369531,0.538433,0.592296,0.655013,0.727084,0.775985,0.761785,0.748613,0.798897,0.734994,0.759363,0.785589,0.764646,0.769575,0.721483,0.806306,0.804311,0.820672,0.782742,0.823848,0.776264,0.78063,0.789134,0.829554,0.714132,0.791426,0.822632,0.814516,0.764521,0.835955,0.825335,0.851132,1.0,0.836737,0.839075,0.817052,0.824245,0.797742,0.794049,0.7931,0.785025,0.795823,0.795106,0.799034
100,0.084109,0.367006,0.54713,0.621394,0.647676,0.723635,0.758726,0.76542,0.757549,0.80334,0.742679,0.773054,0.766131,0.751935,0.763408,0.773031,0.783926,0.813577,0.80643,0.780547,0.762735,0.809255,0.80746,0.807423,0.804472,0.763232,0.787249,0.770043,0.8253,0.794803,0.816634,0.814811,0.831453,0.836737,1.0,0.843684,0.816208,0.824402,0.819378,0.797751,0.795931,0.797869,0.806787,0.808434,0.809376
110,0.086335,0.396533,0.56445,0.599879,0.682991,0.738839,0.751953,0.762992,0.760512,0.77743,0.691004,0.775913,0.793033,0.756961,0.769069,0.759589,0.811133,0.770669,0.801899,0.788816,0.784837,0.803897,0.792736,0.803989,0.813117,0.722892,0.82109,0.76602,0.831915,0.799444,0.81877,0.840279,0.82499,0.839075,0.843684,1.0,0.865636,0.850953,0.855227,0.849865,0.838661,0.839208,0.84558,0.847297,0.847552
120,0.086005,0.362402,0.522228,0.567533,0.629834,0.698978,0.714429,0.723362,0.707553,0.747929,0.675898,0.751747,0.763902,0.754773,0.743609,0.73189,0.78866,0.744622,0.762014,0.784734,0.760699,0.75155,0.746687,0.764675,0.785558,0.717754,0.783813,0.711531,0.807889,0.771698,0.8139,0.83918,0.780666,0.817052,0.816208,0.865636,1.0,0.853961,0.856215,0.82814,0.840815,0.838563,0.843273,0.843212,0.84563
130,0.078354,0.329943,0.481933,0.52414,0.595267,0.651948,0.68104,0.680017,0.681457,0.729199,0.634119,0.714645,0.717888,0.709553,0.716235,0.686333,0.746603,0.737468,0.747629,0.747195,0.741768,0.726758,0.723839,0.754292,0.77296,0.674895,0.762374,0.729596,0.774828,0.748969,0.796582,0.791279,0.802371,0.824245,0.824402,0.850953,0.853961,1.0,0.865398,0.864259,0.869123,0.869729,0.873729,0.87354,0.874844
140,0.085902,0.343472,0.510359,0.549934,0.607145,0.670654,0.683438,0.70968,0.699754,0.726072,0.661511,0.735829,0.734191,0.711907,0.720492,0.729335,0.74417,0.72718,0.745671,0.754176,0.724261,0.752074,0.749196,0.751755,0.765828,0.711262,0.756263,0.706848,0.786254,0.772312,0.777316,0.811145,0.776803,0.797742,0.819378,0.855227,0.856215,0.865398,1.0,0.876983,0.880033,0.886358,0.887885,0.886497,0.887998
150,0.072798,0.334945,0.475477,0.499614,0.587804,0.630048,0.659139,0.658071,0.673065,0.691055,0.600368,0.685332,0.698552,0.670953,0.683507,0.668965,0.72215,0.692707,0.721483,0.728968,0.699541,0.716044,0.710225,0.73421,0.736486,0.648881,0.736309,0.702367,0.742462,0.732203,0.763048,0.782527,0.770303,0.794049,0.797751,0.849865,0.82814,0.864259,0.876983,1.0,0.905288,0.908489,0.907244,0.90744,0.907418
160,0.068826,0.310697,0.460043,0.495923,0.568951,0.621543,0.647231,0.65054,0.663558,0.685623,0.616353,0.679372,0.701553,0.671282,0.678231,0.664492,0.712943,0.697276,0.720619,0.723261,0.698318,0.708739,0.695691,0.717538,0.737249,0.656723,0.735861,0.691047,0.744436,0.719775,0.764603,0.781677,0.760782,0.7931,0.795931,0.838661,0.840815,0.869123,0.880033,0.905288,1.0,0.939419,0.943655,0.941576,0.94195
170,0.067112,0.30784,0.460414,0.503281,0.561679,0.623143,0.649024,0.65774,0.662464,0.690474,0.617365,0.689349,0.6944,0.671187,0.682967,0.671489,0.706197,0.697648,0.719285,0.723736,0.692677,0.707317,0.710152,0.72753,0.733698,0.6589,0.727116,0.68651,0.746679,0.73342,0.754987,0.77482,0.762659,0.785025,0.797869,0.839208,0.838563,0.869729,0.886358,0.908489,0.939419,1.0,0.983627,0.982724,0.983045
180,0.065068,0.309558,0.463294,0.5103,0.568084,0.631191,0.656835,0.668541,0.670378,0.698774,0.635659,0.696728,0.705541,0.677133,0.689934,0.682086,0.71546,0.71009,0.728069,0.726875,0.701355,0.716628,0.716508,0.732682,0.742044,0.671141,0.733916,0.696929,0.753054,0.741881,0.765211,0.783051,0.769714,0.795823,0.806787,0.84558,0.843273,0.873729,0.887885,0.907244,0.943655,0.983627,1.0,0.997066,0.997657
190,0.066392,0.310769,0.465765,0.509844,0.570591,0.631392,0.659227,0.666397,0.674345,0.699657,0.628023,0.697411,0.706022,0.679081,0.689906,0.678118,0.717032,0.710723,0.730242,0.730716,0.702353,0.716099,0.717966,0.737908,0.745852,0.667367,0.736063,0.697718,0.755044,0.740301,0.763998,0.783452,0.774261,0.795106,0.808434,0.847297,0.843212,0.87354,0.886497,0.90744,0.941576,0.982724,0.997066,1.0,0.999187
200,0.066138,0.312404,0.467335,0.514278,0.571599,0.6348,0.662498,0.671995,0.674509,0.702953,0.636162,0.701194,0.709127,0.683054,0.694333,0.683205,0.719106,0.715019,0.732413,0.732594,0.705551,0.718521,0.721484,0.738497,0.747438,0.673001,0.73572,0.70125,0.756986,0.744575,0.767005,0.786577,0.774901,0.799034,0.809376,0.847552,0.84563,0.874844,0.887998,0.907418,0.94195,0.983045,0.997657,0.999187,1.0
